 Position :       0.0000000E+00
     1            8.4161591E-01
     2            1.2938026E-01
     3            8.7244204E-03
 Total            9.7972059E-01
 Position :       5.0000000E-01
     1            9.2683521E-01
     2            1.4715165E-01
     3            1.0126848E-02
 Total            1.0841137E+00
 Position :       1.0000000E-01
     1            8.7192901E-01
     2            1.3570749E-01
     3            9.2227511E-03
 Total            1.0168593E+00
 Position :       1.5000001E-01
     1            8.8468052E-01
     2            1.3836715E-01
     3            9.4325544E-03
 Total            1.0324802E+00
 Position :       2.0000000E-01
     1            8.9578968E-01
     2            1.4068333E-01
     3            9.6154186E-03
 Total            1.0460884E+00
 Position :       2.5000000E-01
     1            9.0523182E-01
     2            1.4265129E-01
     3            9.7709024E-03
 Total            1.0576540E+00
 Position :       3.0000001E-01
     1            9.1298597E-01
     2            1.4426697E-01
     3            9.8986306E-03
 Total            1.0671516E+00
 Position :       3.4999999E-01
     1            9.1903491E-01
     2            1.4552707E-01
     3            9.9982952E-03
 Total            1.0745603E+00
 Position :       4.0000001E-01
     1            9.2336520E-01
     2            1.4642899E-01
     3            1.0069656E-02
 Total            1.0798638E+00
 Position :       4.4999999E-01
     1            9.2596722E-01
     2            1.4697089E-01
     3            1.0112542E-02
 Total            1.0830507E+00
 Position :       5.0000000E-01
     1            9.2683521E-01
     2            1.4715165E-01
     3            1.0126848E-02
 Total            1.0841137E+00
 Position :       5.5000001E-01
     1            9.2596722E-01
     2            1.4697089E-01
     3            1.0112542E-02
 Total            1.0830507E+00
 Position :       6.0000002E-01
     1            9.2336519E-01
     2            1.4642899E-01
     3            1.0069656E-02
 Total            1.0798638E+00
 Position :       6.4999998E-01
     1            9.1903491E-01
     2            1.4552707E-01
     3            9.9982952E-03
 Total            1.0745603E+00
 Position :       6.9999999E-01
     1            9.1298597E-01
     2            1.4426697E-01
     3            9.8986306E-03
 Total            1.0671516E+00
 Position :       7.5000000E-01
     1            9.0523182E-01
     2            1.4265129E-01
     3            9.7709024E-03
 Total            1.0576540E+00
 Position :       8.0000001E-01
     1            8.9578967E-01
     2            1.4068333E-01
     3            9.6154186E-03
 Total            1.0460884E+00
 Position :       8.5000002E-01
     1            8.8468051E-01
     2            1.3836715E-01
     3            9.4325543E-03
 Total            1.0324802E+00
 Position :       8.9999998E-01
     1            8.7192902E-01
     2            1.3570749E-01
     3            9.2227512E-03
 Total            1.0168593E+00
 Position :       9.4999999E-01
     1            8.5756349E-01
     2            1.3270981E-01
     3            8.9865156E-03
 Total            9.9925982E-01
 Position :       1.0000000E+00
     1            8.4161591E-01
     2            1.2938026E-01
     3            8.7244204E-03
 Total            9.7972059E-01
