   0.00000  0.50234369E-02
   0.00000  0.50234369E-02
   0.00000  0.50234369E-02
   0.11111  0.56458717E-02
   0.11111  0.56458717E-02
   0.11111  0.56458717E-02
   0.22222  0.61151134E-02
   0.22222  0.61151134E-02
   0.22222  0.61151134E-02
   0.33333  0.64291077E-02
   0.33333  0.64291077E-02
   0.33333  0.64291077E-02
   0.44444  0.65864580E-02
   0.44444  0.65864580E-02
   0.44444  0.65864580E-02
   0.55556  0.65864580E-02
   0.55556  0.65864580E-02
   0.55556  0.65864580E-02
   0.66667  0.64291077E-02
   0.66667  0.64291077E-02
   0.66667  0.64291077E-02
   0.77778  0.61151134E-02
   0.77778  0.61151134E-02
   0.77778  0.61151134E-02
   0.88889  0.56458717E-02
   0.88889  0.56458717E-02
   0.88889  0.56458717E-02
   1.00000  0.50234369E-02
   1.00000  0.50234369E-02
   1.00000  0.50234369E-02
