 Position :       0.0000000E+00
     1            4.2212952E-01
     2            1.4788634E-01
     3            5.7144990E-02
 Total            6.2716085E-01
 Position :       5.0000000E-01
     1            5.0405352E-01
     2            1.8643349E-01
     3            7.4562623E-02
 Total            7.6504963E-01
 Position :       1.0000000E+00
     1            5.8115419E-01
     2            2.2200088E-01
     3            9.0689271E-02
 Total            8.9384434E-01
 Position :       1.5000000E+00
     1            6.5220517E-01
     2            2.5426933E-01
     3            1.0535030E-01
 Total            1.0118248E+00
 Position :       2.0000000E+00
     1            7.1610134E-01
     2            2.8293334E-01
     3            1.1838844E-01
 Total            1.1174231E+00
 Position :       2.5000000E+00
     1            7.7186687E-01
     2            3.0771028E-01
     3            1.2966457E-01
 Total            1.2092417E+00
 Position :       3.0000000E+00
     1            8.1866249E-01
     2            3.2834824E-01
     3            1.3905869E-01
 Total            1.2860694E+00
 Position :       3.5000000E+00
     1            8.5579209E-01
     2            3.4463247E-01
     3            1.4647091E-01
 Total            1.3468955E+00
 Position :       4.0000000E+00
     1            8.8270819E-01
     2            3.5639058E-01
     3            1.5182241E-01
 Total            1.3909212E+00
 Position :       4.5000000E+00
     1            8.9901651E-01
     2            3.6349662E-01
     3            1.5505626E-01
 Total            1.4175694E+00
 Position :       5.0000000E+00
     1            9.0447913E-01
     2            3.6587389E-01
     3            1.5613805E-01
 Total            1.4264911E+00
 Position :       5.5000000E+00
     1            8.9901651E-01
     2            3.6349662E-01
     3            1.5505626E-01
 Total            1.4175694E+00
 Position :       6.0000000E+00
     1            8.8270819E-01
     2            3.5639058E-01
     3            1.5182241E-01
 Total            1.3909212E+00
 Position :       6.5000000E+00
     1            8.5579208E-01
     2            3.4463246E-01
     3            1.4647091E-01
 Total            1.3468955E+00
 Position :       7.0000000E+00
     1            8.1866249E-01
     2            3.2834824E-01
     3            1.3905869E-01
 Total            1.2860694E+00
 Position :       7.5000000E+00
     1            7.7186687E-01
     2            3.0771028E-01
     3            1.2966457E-01
 Total            1.2092417E+00
 Position :       8.0000000E+00
     1            7.1610134E-01
     2            2.8293334E-01
     3            1.1838844E-01
 Total            1.1174231E+00
 Position :       8.5000000E+00
     1            6.5220517E-01
     2            2.5426933E-01
     3            1.0535030E-01
 Total            1.0118248E+00
 Position :       9.0000000E+00
     1            5.8115419E-01
     2            2.2200088E-01
     3            9.0689271E-02
 Total            8.9384434E-01
 Position :       9.5000000E+00
     1            5.0405352E-01
     2            1.8643349E-01
     3            7.4562623E-02
 Total            7.6504963E-01
 Position :       1.0000000E+01
     1            4.2212952E-01
     2            1.4788634E-01
     3            5.7144990E-02
 Total            6.2716085E-01
