 ' 1D multi-group Benchmark - spherical'
'I/O'         8    9    2    0    0    0    0    0            90000000            90000000            90000000            90000000
'CASE'       11    1    0    4    0    0    0    0  0.0000000E+00  0.0000000E+00    0    1    0    0
'ITER'      100  100  9.9999997E-06  9.9999997E-06  100  5.0000001E-08  100 FFFF
'ANGLE'       1    0    0    1    1  256
'ENERGY'      3    0    0    0    0    3    0
'MESHFILE'  '1Dline_1'  'formatted   '
'MATFILE'   '1Dline_1'  'event'  'formatted   '
'MATXS'            1         0         0         3         4         6         0         0         0        21         0         0
'NCOM'        1
 '*** EVENT data file created on Tue Oct 21 13:32:01 2025 by GEM   ***'                                                          
'DETECTOR'    2  0.0000000E+00 4096    0    0    1
'DETPNTS'   0.0000000E+00  0.0000000E+00  0.0000000E+00
'DETANG'    0.0000000E+00  0.0000000E+00
'DETECTOR'    2  0.0000000E+00 4096    0    0    1
'DETPNTS'   5.0000000E-01  0.0000000E+00  0.0000000E+00
'DETANG'    0.0000000E+00  0.0000000E+00
'DETECTOR'    2  0.0000000E+00 4096    0    0    1
'DETPNTS'   1.0000000E-01  0.0000000E+00  0.0000000E+00
'DETANG'    0.0000000E+00  0.0000000E+00
'DETECTOR'    2  0.0000000E+00 4096    0    0    1
'DETPNTS'   1.5000001E-01  0.0000000E+00  0.0000000E+00
'DETANG'    0.0000000E+00  0.0000000E+00
'DETECTOR'    2  0.0000000E+00 4096    0    0    1
'DETPNTS'   2.0000000E-01  0.0000000E+00  0.0000000E+00
'DETANG'    0.0000000E+00  0.0000000E+00
'DETECTOR'    2  0.0000000E+00 4096    0    0    1
'DETPNTS'   2.5000000E-01  0.0000000E+00  0.0000000E+00
'DETANG'    0.0000000E+00  0.0000000E+00
'DETECTOR'    2  0.0000000E+00 4096    0    0    1
'DETPNTS'   3.0000001E-01  0.0000000E+00  0.0000000E+00
'DETANG'    0.0000000E+00  0.0000000E+00
'DETECTOR'    2  0.0000000E+00 4096    0    0    1
'DETPNTS'   3.4999999E-01  0.0000000E+00  0.0000000E+00
'DETANG'    0.0000000E+00  0.0000000E+00
'DETECTOR'    2  0.0000000E+00 4096    0    0    1
'DETPNTS'   4.0000001E-01  0.0000000E+00  0.0000000E+00
'DETANG'    0.0000000E+00  0.0000000E+00
'DETECTOR'    2  0.0000000E+00 4096    0    0    1
'DETPNTS'   4.4999999E-01  0.0000000E+00  0.0000000E+00
'DETANG'    0.0000000E+00  0.0000000E+00
'DETECTOR'    2  0.0000000E+00 4096    0    0    1
'DETPNTS'   5.0000000E-01  0.0000000E+00  0.0000000E+00
'DETANG'    0.0000000E+00  0.0000000E+00
'DETECTOR'    2  0.0000000E+00 4096    0    0    1
'DETPNTS'   5.5000001E-01  0.0000000E+00  0.0000000E+00
'DETANG'    0.0000000E+00  0.0000000E+00
'DETECTOR'    2  0.0000000E+00 4096    0    0    1
'DETPNTS'   6.0000002E-01  0.0000000E+00  0.0000000E+00
'DETANG'    0.0000000E+00  0.0000000E+00
'DETECTOR'    2  0.0000000E+00 4096    0    0    1
'DETPNTS'   6.4999998E-01  0.0000000E+00  0.0000000E+00
'DETANG'    0.0000000E+00  0.0000000E+00
'DETECTOR'    2  0.0000000E+00 4096    0    0    1
'DETPNTS'   6.9999999E-01  0.0000000E+00  0.0000000E+00
'DETANG'    0.0000000E+00  0.0000000E+00
'DETECTOR'    2  0.0000000E+00 4096    0    0    1
'DETPNTS'   7.5000000E-01  0.0000000E+00  0.0000000E+00
'DETANG'    0.0000000E+00  0.0000000E+00
'DETECTOR'    2  0.0000000E+00 4096    0    0    1
'DETPNTS'   8.0000001E-01  0.0000000E+00  0.0000000E+00
'DETANG'    0.0000000E+00  0.0000000E+00
'DETECTOR'    2  0.0000000E+00 4096    0    0    1
'DETPNTS'   8.5000002E-01  0.0000000E+00  0.0000000E+00
'DETANG'    0.0000000E+00  0.0000000E+00
'DETECTOR'    2  0.0000000E+00 4096    0    0    1
'DETPNTS'   8.9999998E-01  0.0000000E+00  0.0000000E+00
'DETANG'    0.0000000E+00  0.0000000E+00
'DETECTOR'    2  0.0000000E+00 4096    0    0    1
'DETPNTS'   9.4999999E-01  0.0000000E+00  0.0000000E+00
'DETANG'    0.0000000E+00  0.0000000E+00
'DETECTOR'    2  0.0000000E+00 4096    0    0    1
'DETPNTS'   1.0000000E+00  0.0000000E+00  0.0000000E+00
'DETANG'    0.0000000E+00  0.0000000E+00
