---------------------------------FissionSpectrum---------------------------------
1.0 0.0

------------------------------------Materials------------------------------------
matID       SigmaA      nuSigmaF    FixedSource     SigmaS 
---------------------------------------------------------------------------------
1           0.0017924   0.0         0.0            0.2436813492 0.0304416
1           0.058265    0.047958    0.0            0.0         1.490609742 
---------------------------------------------------------------------------------
1           1.2081      0.0017924    0.0         0.0            0.2436813492 0.0304416
1           0.21521     0.058265     0.047958    0.0            0.0         1.490609742 
