---------------------------------FissionSpectrum---------------------------------
7.60721E-01 2.39102E-01 1.77303E-04 0.00000E+00 0.00000E+00 0.00000E+00 0.00000E+00

------------------------------------Materials------------------------------------
matID  AbsorptionXS   NuFissionXS   FixedSource  ScatteringXS  
---------------------------------------------------------------------------------
    1   2.52969E-04   0.00000E+00         0.000   1.19534E-01 8.71503E-02 5.42713E-04 3.15483E-07 4.40110E-08 0.00000E+00 0.00000E+00      !Water
    1   3.28522E-05   0.00000E+00         0.000   0.00000E+00 5.50525E-01 1.10830E-01 6.64982E-05 9.27706E-06 1.41123E-06 7.44751E-07      !Water
    1   1.11330E-03   0.00000E+00         0.000   0.00000E+00 0.00000E+00 9.98349E-01 1.02025E-01 1.44518E-02 2.32408E-03 1.15375E-03      !Water
    1   7.69572E-03   0.00000E+00         0.000   0.00000E+00 0.00000E+00 1.13109E-04 7.37143E-01 3.64220E-01 4.85585E-02 1.98280E-02      !Water
    1   1.87258E-02   0.00000E+00         0.000   0.00000E+00 0.00000E+00 0.00000E+00 4.55442E-03 9.71869E-01 3.69455E-01 1.30493E-01      !Water
    1   3.07349E-02   0.00000E+00         0.000   0.00000E+00 0.00000E+00 0.00000E+00 0.00000E+00 2.48732E-01 1.18906E+00 4.56876E-01      !Water
    1   5.53324E-02   0.00000E+00         0.000   0.00000E+00 0.00000E+00 0.00000E+00 0.00000E+00 1.07275E-01 6.34185E-01 2.05521E+00      !Water
---------------------------------------------------------------------------------
    2   1.08130E-02   2.53721E-02         0.000   2.12801E-01 4.96038E-02 1.69370E-05 0.00000E+00 0.00000E+00 0.00000E+00 0.00000E+00      !Fuel 2.1%
    2   6.45478E-03   1.96513E-03         0.000   0.00000E+00 4.20439E-01 2.54567E-03 0.00000E+00 0.00000E+00 0.00000E+00 0.00000E+00      !Fuel 2.1%
    2   7.90605E-02   2.66459E-02 	      0.000   0.00000E+00 0.00000E+00 4.87317E-01 2.72690E-03 0.00000E+00 0.00000E+00 0.00000E+00      !Fuel 2.1%
    2   3.42380E-02   4.37770E-02         0.000   0.00000E+00 0.00000E+00 5.13247E-04 3.68145E-01 1.48927E-02 0.00000E+00 0.00000E+00      !Fuel 2.1%
    2   1.15346E-01   1.92981E-01         0.000   0.00000E+00 0.00000E+00 0.00000E+00 3.41187E-03 3.54829E-01 3.30688E-02 1.00898E-03      !Fuel 2.1%
    2   1.84999E-01   3.19361E-01         0.000   0.00000E+00 0.00000E+00 0.00000E+00 0.00000E+00 4.21231E-02 3.16237E-01 3.78478E-02      !Fuel 2.1%
    2   3.61635E-01   6.36871E-01         0.000   0.00000E+00 0.00000E+00 0.00000E+00 0.00000E+00 2.84478E-03 7.30289E-02 3.33207E-01      !Fuel 2.1%
---------------------------------------------------------------------------------
    3   1.09004E-02   2.55944E-02         0.000   2.12637E-01 4.96216E-02 1.68015E-05 0.00000E+00 0.00000E+00 0.00000E+00 0.00000E+00      !Fuel 2.6%
    3   6.67705E-03   2.43451E-03         0.000   0.00000E+00 4.20340E-01 2.55070E-03 0.00000E+00 0.00000E+00 0.00000E+00 0.00000E+00      !Fuel 2.6%
    3   8.23451E-02   3.26325E-02         0.000   0.00000E+00 0.00000E+00 4.87774E-01 2.67331E-03 0.00000E+00 0.00000E+00 0.00000E+00      !Fuel 2.6%
    3   3.95294E-02   5.40113E-02         0.000   0.00000E+00 0.00000E+00 5.13356E-04 3.68839E-01 1.46775E-02 1.78076E-07 0.00000E+00      !Fuel 2.6%
    3   1.35983E-01   2.35687E-01         0.000   0.00000E+00 0.00000E+00 0.00000E+00 3.82516E-03 3.57155E-01 3.08171E-02 9.37953E-04      !Fuel 2.6%
    3   2.21218E-01   3.95381E-01         0.000   0.00000E+00 0.00000E+00 0.00000E+00 0.00000E+00 4.28393E-02 3.16700E-01 3.75369E-02      !Fuel 2.6%
    3   4.33063E-01   7.86760E-01         0.000   0.00000E+00 0.00000E+00 0.00000E+00 0.00000E+00 2.93064E-03 7.35492E-02 3.33192E-01      !Fuel 2.6%
---------------------------------------------------------------------------------
    4   1.09850E-02   2.58121E-02 	      0.000   2.12843E-01 4.96207E-02 1.59815E-05 0.00000E+00 0.00000E+00 0.00000E+00 0.00000E+00      !Fuel 3.1%
    4   6.84565E-03   2.86954E-03         0.000   0.00000E+00 4.19955E-01 2.50834E-03 0.00000E+00 0.00000E+00 0.00000E+00 0.00000E+00      !Fuel 3.1%
    4   8.61130E-02   3.82966E-02 	      0.000   0.00000E+00 0.00000E+00 4.88262E-01 2.66059E-03 0.00000E+00 0.00000E+00 0.00000E+00      !Fuel 3.1%
    4   4.45970E-02   6.38608E-02         0.000   0.00000E+00 0.00000E+00 5.26780E-04 3.69145E-01 1.47124E-02 1.22346E-07 0.00000E+00      !Fuel 3.1%
    4   1.56957E-01   2.78481E-01         0.000   0.00000E+00 0.00000E+00 0.00000E+00 3.90760E-03 3.57977E-01 3.05329E-02 9.22178E-04      !Fuel 3.1%
    4   2.55709E-01   4.67693E-01         0.000   0.00000E+00 0.00000E+00 0.00000E+00 0.00000E+00 4.28406E-02 3.17460E-01 3.73509E-02      !Fuel 3.1%
    4   5.00175E-01   9.27556E-01         0.000   0.00000E+00 0.00000E+00 0.00000E+00 0.00000E+00 2.91691E-03 7.38366E-02 3.32960E-01      !Fuel 3.1%
---------------------------------------------------------------------------------
    5   1.25012E-03   0.00000E+00         0.000   2.39577E-01 2.92722E-02 3.19008E-05 0.00000E+00 0.00000E+00 0.00000E+00 0.00000E+00      !Instrumentation - SS
    5   6.96933E-04   0.00000E+00         0.000   0.00000E+00 4.12887E-01 4.60371E-03 0.00000E+00 0.00000E+00 0.00000E+00 0.00000E+00      !Instrumentation - SS
    5   7.02875E-03   0.00000E+00         0.000   0.00000E+00 0.00000E+00 9.08398E-01 3.64170E-03 0.00000E+00 0.00000E+00 0.00000E+00      !Instrumentation - SS
    5   3.41651E-02   0.00000E+00         0.000   0.00000E+00 0.00000E+00 8.76723E-04 8.48488E-01 2.15395E-02 0.00000E+00 0.00000E+00      !Instrumentation - SS
    5   8.34752E-02   0.00000E+00         0.000   0.00000E+00 0.00000E+00 0.00000E+00 6.33439E-03 8.07149E-01 5.89226E-02 2.03209E-05      !Instrumentation - SS
    5   1.36846E-01   0.00000E+00         0.000   0.00000E+00 0.00000E+00 0.00000E+00 0.00000E+00 6.70411E-02 7.40493E-01 6.76816E-02      !Instrumentation - SS
    5   2.34737E-01   0.00000E+00         0.000   0.00000E+00 0.00000E+00 0.00000E+00 0.00000E+00 4.11219E-05 1.27276E-01 7.57978E-01      !Instrumentation - SS
---------------------------------------------------------------------------------
    6   1.04258E-03   0.00000E+00         0.000   1.56128E-01 1.87556E-02 7.18668E-06 0.00000E+00 0.00000E+00 0.00000E+00 0.00000E+00      !Pyrex Burnable Poison
    6   2.09150E-03   0.00000E+00         0.000   0.00000E+00 2.62676E-01 3.08794E-03 0.00000E+00 0.00000E+00 0.00000E+00 0.00000E+00      !Pyrex Burnable Poison
    6   6.84747E-02   0.00000E+00         0.000   0.00000E+00 0.00000E+00 2.37136E-01 2.86412E-03 0.00000E+00 0.00000E+00 0.00000E+00      !Pyrex Burnable Poison
    6   4.81099E-01   0.00000E+00         0.000   0.00000E+00 0.00000E+00 1.17443E-04 2.25727E-01 1.47352E-02 0.00000E+00 0.00000E+00      !Pyrex Burnable Poison
    6   1.15282E+00   0.00000E+00         0.000   0.00000E+00 0.00000E+00 0.00000E+00 2.28430E-03 2.12028E-01 2.69563E-02 5.64850E-04      !Pyrex Burnable Poison
    6   1.92671E+00   0.00000E+00         0.000   0.00000E+00 0.00000E+00 0.00000E+00 0.00000E+00 3.11456E-02 1.78183E-01 3.37229E-02      !Pyrex Burnable Poison
    6   3.25267E+00   0.00000E+00         0.000   0.00000E+00 0.00000E+00 0.00000E+00 0.00000E+00 1.18307E-03 6.08107E-02 1.91812E-01      !Pyrex Burnable Poison
---------------------------------------------------------------------------------
    7   1.00000E-06   0.00000E+00         0.000   0.00000E+00 0.00000E+00 0.00000E+00 0.00000E+00 0.00000E+00 0.00000E+00 0.00000E+00      !Air
    7   1.00000E-06   0.00000E+00         0.000   0.00000E+00 0.00000E+00 0.00000E+00 0.00000E+00 0.00000E+00 0.00000E+00 0.00000E+00      !Air
    7   1.00000E-06   0.00000E+00         0.000   0.00000E+00 0.00000E+00 0.00000E+00 0.00000E+00 0.00000E+00 0.00000E+00 0.00000E+00      !Air
    7   1.00000E-06   0.00000E+00         0.000   0.00000E+00 0.00000E+00 0.00000E+00 0.00000E+00 0.00000E+00 0.00000E+00 0.00000E+00      !Air
    7   1.00000E-06   0.00000E+00         0.000   0.00000E+00 0.00000E+00 0.00000E+00 0.00000E+00 0.00000E+00 0.00000E+00 0.00000E+00      !Air
    7   1.00000E-06   0.00000E+00         0.000   0.00000E+00 0.00000E+00 0.00000E+00 0.00000E+00 0.00000E+00 0.00000E+00 0.00000E+00      !Air
    7   1.00000E-06   0.00000E+00         0.000   0.00000E+00 0.00000E+00 0.00000E+00 0.00000E+00 0.00000E+00 0.00000E+00 0.00000E+00      !Air
---------------------------------------------------------------------------------